401
588
[401.]
[588.]
419
586
[410.]
[587.]
434
587
[434.]
[587.]
451
587
[461.25714]
[587.]
467
586
[482.0259]
[585.76166]
487
586
[504.27753]
[585.6383]
501
589
[518.36646]
[589.5005]
520
587
[537.1808]
[587.4897]
534
588
[550.696]
[588.1687]
552
587
[568.4474]
[586.9745]
566
588
[582.0827]
[588.0165]
582
587
[597.6265]
[586.95123]
599
588
[614.94684]
[588.02594]
611
589
[626.22876]
[589.4504]
632
590
[647.9334]
[590.758]
648
589
[664.9778]
[589.42706]
663
589
[679.5072]
[589.0097]
679
588
[695.0311]
[587.6873]
696
587
[712.1771]
[586.3398]
707
589
[722.0869]
[588.8662]
727
587
[742.36304]
[586.88495]
739
589
[754.41797]
[589.06836]
759
588
[774.9365]
[588.1846]
772
589
[788.0365]
[589.1932]
789
589
[804.7484]
[589.2913]
803
589
[818.4935]
[589.18585]
820
588
[835.54956]
[587.84467]
838
590
[854.41565]
[590.1592]
853
590
[869.5069]
[590.50433]
869
591
[885.13104]
[591.59686]
884
589
[899.7649]
[589.05176]
901
592
[916.8646]
[592.3082]
917
591
[933.1177]
[591.5144]
931
592
[946.62524]
[592.3998]
947
591
[962.33936]
[591.14484]
961
591
[976.0794]
[590.8601]
979
590
[994.5532]
[589.6245]
993
591
[1008.6947]
[590.8068]
1009
591
[1024.4924]
[591.099]
1025
591
[1040.6707]
[591.10925]
1039
592
[1054.3535]
[592.3089]
1056
591
[1071.4575]
[591.1483]
1072
592
[1087.8833]
[592.12286]
1087
592
[1102.7644]
[592.2446]
1102
591
[1117.4207]
[590.9191]
1117
593
[1132.1819]
[593.205]
1137
592
[1153.2822]
[592.28174]
1151
594
[1167.5839]
[594.4862]
1170
592
[1186.7666]
[592.18585]
1185
590
[1201.7661]
[589.2097]
1198
591
[1213.5327]
[590.257]
1212
591
[1226.4879]
[590.7572]
1225
593
[1238.8519]
[593.43665]
1242
592
[1256.3547]
[592.4858]
1258
592
[1273.3169]
[592.1113]
1269
592
[1283.5569]
[591.9976]
1288
593
[1302.8717]
[593.2223]
1304
593
[1319.9385]
[593.3467]
1321
594
[1337.3984]
[594.46643]
1336
593
[1352.2465]
[593.2251]
1352
594
[1367.9371]
[594.1529]
1367
593
[1382.6647]
[593.0097]
1389
595
[1406.0431]
[595.2898]
1405
597
[1422.9172]
[598.0615]
1420
598
[1437.0199]
[599.3512]
1432
598
[1447.2756]
[599.0106]
1448
596
[1462.558]
[596.0355]
1464
594
[1479.0388]
[593.0027]
1477
595
[1491.7985]
[594.1272]
1490
593
[1503.9965]
[592.20807]
1508
595
[1522.6526]
[594.6883]
1535
599
[1553.3778]
[600.2374]
1547
600
[1566.0217]
[601.9477]
1561
596
[1577.6606]
[596.4545]
1578
595
[1593.8488]
[594.04016]
1588
594
[1602.4825]
[592.77124]
1606
594
[1620.2986]
[593.0638]
1617
594
[1631.1206]
[593.5111]
1627
593
[1639.5278]
[592.5532]
1646
595
[1659.3724]
[595.059]
1667
595
[1683.3861]
[595.4805]
1682
595
[1699.4069]
[595.3528]
1697
595
[1713.5729]
[595.18115]
1712
595
[1727.7604]
[595.0741]
1729
595
[1744.7825]
[595.02374]
1743
595
[1758.5685]
[595.00476]
1757
595
[1771.8684]
[594.9994]
1772
595
[1786.6211]
[594.99866]
1786
595
[1800.4929]
[594.9991]
1800
596
[1814.2621]
[596.24347]
1818
596
[1833.086]
[596.3624]
1831
598
[1846.243]
[598.7185]
1847
596
[1862.0562]
[596.3471]
1858
597
[1872.2017]
[597.02203]
1865
596
[1876.7223]
[595.88904]
1874
597
[1883.7753]
[596.97797]
1886
596
[1895.8329]
[595.9373]
1886
596
[1893.8307]
[595.7784]
1886
596
[1890.1688]
[595.8436]
1886
596
[1887.7568]
[595.92126]
1886
596
[1886.5857]
[595.9683]
1886
596
[1886.1299]
[595.99005]
401
588
[401.]
[588.]
419
586
[410.]
[587.]
434
587
[434.]
[587.]
451
587
[461.25714]
[587.]
467
586
[482.0259]
[585.76166]
487
586
[504.27753]
[585.6383]
501
589
[518.36646]
[589.5005]
520
587
[537.1808]
[587.4897]
534
588
[550.696]
[588.1687]
552
587
[568.4474]
[586.9745]
566
588
[582.0827]
[588.0165]
582
587
[597.6265]
[586.95123]
599
588
[614.94684]
[588.02594]
611
589
[626.22876]
[589.4504]
401
588
[401.]
[588.]
419
586
[410.]
[587.]
434
587
[434.]
[587.]
451
587
[461.25714]
[587.]
467
586
[482.0259]
[585.76166]
487
586
[504.27753]
[585.6383]
501
589
[518.36646]
[589.5005]
520
587
[537.1808]
[587.4897]
534
588
[550.696]
[588.1687]
552
587
[568.4474]
[586.9745]
566
588
[582.0827]
[588.0165]
582
587
[597.6265]
[586.95123]
599
588
[614.94684]
[588.02594]
611
589
[626.22876]
[589.4504]
632
590
[647.9334]
[590.758]
648
589
[664.9778]
[589.42706]
663
589
[679.5072]
[589.0097]
679
588
[695.0311]
[587.6873]
696
587
[712.1771]
[586.3398]
707
589
[722.0869]
[588.8662]
727
587
[742.36304]
[586.88495]
739
589
[754.41797]
[589.06836]
759
588
[774.9365]
[588.1846]
772
589
[788.0365]
[589.1932]
789
589
[804.7484]
[589.2913]
803
589
[818.4935]
[589.18585]
820
588
[835.54956]
[587.84467]
838
590
[854.41565]
[590.1592]
853
590
[869.5069]
[590.50433]
869
591
[885.13104]
[591.59686]
884
589
[899.7649]
[589.05176]
901
592
[916.8646]
[592.3082]
917
591
[933.1177]
[591.5144]
931
592
[946.62524]
[592.3998]
947
591
[962.33936]
[591.14484]
961
591
[976.0794]
[590.8601]
979
590
[994.5532]
[589.6245]
993
591
[1008.6947]
[590.8068]
1009
591
[1024.4924]
[591.099]
1025
591
[1040.6707]
[591.10925]
1039
592
[1054.3535]
[592.3089]
1056
591
[1071.4575]
[591.1483]
1072
592
[1087.8833]
[592.12286]
1087
592
[1102.7644]
[592.2446]
1102
591
[1117.4207]
[590.9191]
1117
593
[1132.1819]
[593.205]
1137
592
[1153.2822]
[592.28174]
1151
594
[1167.5839]
[594.4862]
1170
592
[1186.7666]
[592.18585]
1185
590
[1201.7661]
[589.2097]
1198
591
[1213.5327]
[590.257]
1212
591
[1226.4879]
[590.7572]
1225
593
[1238.8519]
[593.43665]
1242
592
[1256.3547]
[592.4858]
1258
592
[1273.3169]
[592.1113]
1269
592
[1283.5569]
[591.9976]
1288
593
[1302.8717]
[593.2223]
1304
593
[1319.9385]
[593.3467]
1321
594
[1337.3984]
[594.46643]
1336
593
[1352.2465]
[593.2251]
1352
594
[1367.9371]
[594.1529]
1367
593
[1382.6647]
[593.0097]
1389
595
[1406.0431]
[595.2898]
1405
597
[1422.9172]
[598.0615]
1420
598
[1437.0199]
[599.3512]
1432
598
[1447.2756]
[599.0106]
1448
596
[1462.558]
[596.0355]
1464
594
[1479.0388]
[593.0027]
1477
595
[1491.7985]
[594.1272]
1490
593
[1503.9965]
[592.20807]
1508
595
[1522.6526]
[594.6883]
1535
599
[1553.3778]
[600.2374]
1547
600
[1566.0217]
[601.9477]
1561
596
[1577.6606]
[596.4545]
1578
595
[1593.8488]
[594.04016]
1588
594
[1602.4825]
[592.77124]
1606
594
[1620.2986]
[593.0638]
1617
594
[1631.1206]
[593.5111]
1627
593
[1639.5278]
[592.5532]
1646
595
[1659.3724]
[595.059]
1667
595
[1683.3861]
[595.4805]
1682
595
[1699.4069]
[595.3528]
1697
595
[1713.5729]
[595.18115]
1712
595
[1727.7604]
[595.0741]
1729
595
[1744.7825]
[595.02374]
1743
595
[1758.5685]
[595.00476]
1757
595
[1771.8684]
[594.9994]
1772
595
[1786.6211]
[594.99866]
1786
595
[1800.4929]
[594.9991]
1800
596
[1814.2621]
[596.24347]
1818
596
[1833.086]
[596.3624]
1831
598
[1846.243]
[598.7185]
1847
596
[1862.0562]
[596.3471]
1858
597
[1872.2017]
[597.02203]
1865
596
[1876.7223]
[595.88904]
1874
597
[1883.7753]
[596.97797]
1886
596
[1895.8329]
[595.9373]
1886
596
[1893.8307]
[595.7784]
1886
596
[1890.1688]
[595.8436]
1886
596
[1887.7568]
[595.92126]
1886
596
[1886.5857]
[595.9683]
